0.225328 0.292035 0.74781
0.225939 0.292945 0.74861
0.227159 0.294767 0.750211
0.228989 0.297499 0.752612
0.231539 0.301314 0.755975
0.235102 0.306672 0.760734
0.239491 0.31328 0.766612
0.244475 0.320776 0.77327
0.249827 0.328801 0.780369
0.255317 0.336996 0.78757
0.260716 0.345001 0.794535
0.265796 0.352457 0.800926
0.270598 0.359432 0.806809
0.275418 0.366391 0.812621
0.280257 0.373336 0.818363
0.285116 0.380264 0.824032
0.289996 0.387174 0.829626
0.294899 0.394065 0.835141
0.299823 0.400933 0.840575
0.30477 0.407778 0.845925
0.30974 0.414605 0.851198
0.314731 0.421414 0.856394
0.319745 0.428203 0.861513
0.32478 0.434971 0.866551
0.329837 0.441715 0.871506
0.334915 0.448433 0.876375
0.340014 0.455122 0.881156
0.345135 0.461782 0.885848
0.350278 0.468418 0.890457
0.355443 0.475032 0.894983
0.36063 0.48162 0.899424
0.365837 0.488179 0.903777
0.371064 0.494708 0.908041
0.37631 0.501204 0.912213
0.381575 0.507664 0.916292
0.386858 0.514089 0.920277
0.392162 0.520487 0.924175
0.397487 0.526854 0.927983
0.402831 0.533188 0.931699
0.408192 0.539487 0.935323
0.41357 0.545748 0.938852
0.418963 0.55197 0.942285
0.42437 0.558148 0.94562
0.429792 0.564288 0.948858
0.435234 0.570393 0.952004
0.440692 0.57646 0.955055
0.446165 0.582488 0.958009
0.451651 0.588473 0.960867
0.457149 0.594414 0.963626
0.462656 0.600308 0.966285
0.468172 0.606152 0.968843
0.473702 0.611953 0.971302
0.479245 0.617712 0.973664
0.4848 0.623427 0.975928
0.490365 0.629095 0.978091
0.495938 0.634714 0.980155
0.501516 0.640281 0.982117
0.507097 0.645793 0.983977
0.512682 0.651252 0.985734
0.518277 0.656662 0.987391
0.523879 0.662023 0.988946
0.529488 0.667333 0.990401
0.5351 0.672589 0.991754
0.540713 0.677789 0.993005
0.546325 0.682931 0.994152
0.551934 0.688012 0.995197
0.557541 0.693034 0.996138
0.563152 0.698003 0.996977
0.568766 0.702915 0.997713
0.574378 0.70777 0.998347
0.579987 0.712564 0.998877
0.58559 0.717296 0.999305
0.591185 0.721964 0.99963
0.596769 0.726565 0.999852
0.602348 0.731103 0.999971
0.607924 0.735581 0.999986
0.613495 0.739997 0.999898
0.619057 0.744349 0.999707
0.624609 0.748634 0.999414
0.630148 0.752852 0.999018
0.635671 0.756999 0.998521
0.641176 0.761074 0.997921
0.646672 0.765083 0.997219
0.652157 0.769025 0.996414
0.657629 0.7729 0.995506
0.663086 0.776705 0.994496
0.668524 0.780438 0.993386
0.673942 0.784097 0.992175
0.679336 0.787681 0.990864
0.684707 0.791189 0.989454
0.690062 0.794626 0.987941
0.695398 0.797992 0.986327
0.700715 0.801284 0.984613
0.706008 0.804502 0.982799
0.711275 0.807642 0.980886
0.716514 0.810704 0.978877
0.721722 0.813686 0.976771
0.726901 0.816589 0.974567
0.732057 0.819417 0.972263
0.737188 0.822168 0.969861
0.74229 0.824842 0.967361
0.747362 0.827435 0.964765
0.7524 0.829948 0.962075
0.757401 0.832377 0.959291
0.762364 0.834723 0.956416
0.767295 0.836988 0.953444
0.772195 0.839173 0.950377
0.777062 0.841277 0.947214
0.781892 0.843299 0.943958
0.786685 0.845238 0.94061
0.791436 0.847091 0.937173
0.796143 0.848859 0.933648
0.800806 0.85054 0.930035
0.80543 0.852137 0.92633
0.810017 0.853651 0.922533
0.814563 0.85508 0.918646
0.819065 0.856423 0.91467
0.823522 0.85768 0.910609
0.82793 0.858849 0.906463
0.832287 0.859929 0.902236
0.83658 0.860986 0.897942
0.840786 0.862143 0.893607
0.844927 0.863303 0.889208
0.849023 0.86436 0.884721
0.853097 0.865206 0.880121
0.857169 0.865734 0.875383
0.861261 0.865838 0.870483
0.865395 0.86541 0.865396
0.869608 0.864378 0.860082
0.873896 0.862814 0.854549
0.878216 0.860824 0.848841
0.882526 0.858516 0.843005
0.886783 0.856 0.837085
0.890945 0.853382 0.831128
0.89497 0.850771 0.825177
0.89882 0.848263 0.819275
0.902541 0.845735 0.813365
0.906161 0.84312 0.807421
0.909679 0.84042 0.801444
0.913096 0.837636 0.795438
0.916413 0.834768 0.789406
0.919629 0.831819 0.783351
0.922744 0.828789 0.777276
0.92576 0.825678 0.771181
0.928675 0.822483 0.765059
0.931489 0.819204 0.75891
0.934203 0.815843 0.752738
0.936816 0.812401 0.746545
0.93933 0.80888 0.740334
0.941744 0.80528 0.734109
0.944058 0.801604 0.727871
0.946273 0.79785 0.72162
0.948388 0.794014 0.715348
0.950403 0.790098 0.709057
0.952318 0.786105 0.702752
0.954133 0.782034 0.696434
0.95585 0.777887 0.690106
0.957468 0.773667 0.683771
0.958987 0.769375 0.677432
0.960407 0.765006 0.671083
0.961728 0.76056 0.664721
0.962949 0.756039 0.658349
0.964072 0.751444 0.65197
0.965096 0.746776 0.645586
0.966023 0.742036 0.6392
0.966851 0.737228 0.632814
0.967583 0.732351 0.62643
0.968215 0.727402 0.620042
0.96875 0.722379 0.613649
0.969186 0.717286 0.607253
0.969524 0.712123 0.600857
0.969766 0.706892 0.594463
0.969911 0.701594 0.588075
0.96996 0.696232 0.581694
0.969913 0.690805 0.57532
0.969768 0.68531 0.568947
0.969526 0.679745 0.562576
0.969188 0.674115 0.55621
0.968753 0.668419 0.549851
0.968223 0.66266 0.543501
0.967599 0.65684 0.537162
0.966881 0.650959 0.530838
0.966068 0.645016 0.524525
0.965159 0.639009 0.518219
0.964154 0.632938 0.511922
0.963055 0.626805 0.505636
0.961862 0.620611 0.499363
0.960576 0.614358 0.493106
0.959198 0.608048 0.486866
0.957729 0.601681 0.480646
0.956166 0.595254 0.474441
0.95451 0.588768 0.46825
0.95276 0.582222 0.462073
0.950918 0.575618 0.455914
0.948985 0.568957 0.449773
0.946962 0.56224 0.443654
0.94485 0.555468 0.437558
0.94265 0.548641 0.431486
0.940357 0.541758 0.425433
0.937974 0.534819 0.419399
0.9355 0.527824 0.413386
0.932938 0.520772 0.407395
0.930288 0.513666 0.401429
0.927551 0.506504 0.395489
0.924729 0.499286 0.389577
0.921822 0.492015 0.383693
0.918825 0.484691 0.377832
0.91574 0.477312 0.371994
0.912569 0.469877 0.366183
0.909312 0.462386 0.3604
0.905972 0.454837 0.354645
0.902549 0.447228 0.348921
0.899046 0.439559 0.34323
0.89546 0.431836 0.337568
0.891787 0.42406 0.331934
0.888031 0.416229 0.326329
0.884192 0.408337 0.320754
0.880273 0.40038 0.315211
0.876275 0.392354 0.309702
0.872199 0.384253 0.304226
0.868047 0.376076 0.298787
0.863814 0.367846 0.29338
0.8595 0.359561 0.288005
0.855107 0.351211 0.282663
0.850636 0.342781 0.277355
0.84609 0.33426 0.272083
0.841469 0.325634 0.266848
0.836777 0.316891 0.261651
0.832013 0.308037 0.256492
0.827172 0.299149 0.251368
0.822254 0.2902 0.24628
0.817263 0.281149 0.241228
0.812199 0.271956 0.236214
0.807066 0.262579 0.231239
0.801864 0.252977 0.226305
0.796596 0.24311 0.221411
0.791261 0.233201 0.216558
0.785854 0.223587 0.211742
0.780375 0.213987 0.206966
0.774829 0.204107 0.202229
0.769217 0.193653 0.197533
0.76354 0.182332 0.192879
0.757803 0.169849 0.188268
0.752002 0.155901 0.1837
0.745714 0.139032 0.17891
0.738874 0.119273 0.17386
0.731812 0.0979199 0.168754
0.724856 0.0762692 0.163795
0.718336 0.0556168 0.159187
0.712581 0.0372588 0.155134
0.707919 0.0224912 0.15184
0.704622 0.0123792 0.149473
0.702268 0.00526035 0.147771
0.700698 0.000514477 0.146636
0.699914 0 0.146068
