3.14272e-05 3.14243e-05 3.14201e-05
0.00565245 0.00565193 0.00565118
0.0112839 0.0112829 0.0112813
0.0169154 0.0169138 0.0169116
0.0225469 0.0225448 0.0225418
0.0281783 0.0281757 0.028172
0.0338102 0.0338071 0.0338026
0.0394353 0.0394317 0.0394265
0.0448521 0.0448483 0.0448428
0.0498723 0.0498683 0.0498625
0.054577 0.0545728 0.0545667
0.0590145 0.0590102 0.0590038
0.0632226 0.0632181 0.0632115
0.0672308 0.0672261 0.0672193
0.0710629 0.071058 0.071051
0.0747384 0.0747335 0.0747263
0.0782737 0.0782686 0.0782612
0.0816824 0.0816771 0.0816695
0.084976 0.0849706 0.0849628
0.0881644 0.0881589 0.0881509
0.0912569 0.0912513 0.0912432
0.0942828 0.0942771 0.0942688
0.0973153 0.0973095 0.097301
0.100361 0.100355 0.100346
0.103418 0.103412 0.103403
0.106487 0.106481 0.106472
0.109568 0.109562 0.109552
0.11266 0.112654 0.112645
0.115764 0.115758 0.115748
0.118879 0.118873 0.118863
0.122006 0.121999 0.121989
0.125143 0.125136 0.125126
0.128292 0.128285 0.128275
0.131451 0.131444 0.131434
0.134621 0.134614 0.134603
0.137802 0.137794 0.137784
0.140993 0.140985 0.140975
0.144195 0.144187 0.144176
0.147407 0.147399 0.147388
0.150629 0.150621 0.15061
0.153861 0.153853 0.153842
0.157104 0.157095 0.157084
0.160356 0.160348 0.160336
0.163618 0.16361 0.163597
0.16689 0.166881 0.166869
0.170172 0.170163 0.17015
0.173463 0.173454 0.173441
0.176763 0.176755 0.176742
0.180074 0.180065 0.180051
0.183393 0.183384 0.183371
0.186722 0.186713 0.186699
0.19006 0.19005 0.190037
0.193407 0.193397 0.193383
0.196763 0.196753 0.196739
0.200128 0.200118 0.200104
0.203502 0.203492 0.203478
0.206885 0.206875 0.20686
0.210276 0.210266 0.210251
0.213677 0.213666 0.213651
0.217086 0.217075 0.21706
0.220503 0.220492 0.220477
0.223929 0.223918 0.223903
0.227363 0.227353 0.227337
0.230806 0.230795 0.230779
0.234257 0.234246 0.23423
0.237717 0.237705 0.237689
0.241184 0.241173 0.241156
0.24466 0.244648 0.244632
0.248144 0.248132 0.248115
0.251635 0.251624 0.251607
0.255135 0.255123 0.255106
0.258643 0.258631 0.258613
0.262158 0.262146 0.262128
0.265682 0.265669 0.265652
0.269213 0.2692 0.269182
0.272752 0.272739 0.272721
0.276298 0.276285 0.276267
0.279852 0.279839 0.279821
0.283414 0.283401 0.283382
0.286983 0.28697 0.286951
0.29056 0.290546 0.290527
0.294144 0.29413 0.294111
0.297735 0.297721 0.297702
0.301334 0.30132 0.3013
0.30494 0.304926 0.304906
0.308553 0.308539 0.308519
0.312173 0.312159 0.312139
0.315801 0.315787 0.315766
0.319436 0.319421 0.319401
0.323078 0.323063 0.323042
0.326726 0.326712 0.326691
0.330382 0.330367 0.330346
0.334045 0.33403 0.334009
0.337715 0.3377 0.337678
0.341391 0.341376 0.341354
0.345075 0.345059 0.345037
0.348765 0.348749 0.348727
0.352462 0.352446 0.352423
0.356165 0.35615 0.356127
0.359876 0.35986 0.359837
0.363593 0.363577 0.363553
0.367316 0.3673 0.367277
0.371047 0.37103 0.371007
0.374783 0.374767 0.374743
0.378526 0.37851 0.378486
0.382276 0.382259 0.382235
0.386032 0.386015 0.385991
0.389795 0.389778 0.389753
0.393564 0.393547 0.393522
0.397339 0.397322 0.397297
0.401121 0.401103 0.401078
0.404909 0.404891 0.404865
0.408703 0.408685 0.408659
0.412503 0.412485 0.412459
0.41631 0.416291 0.416265
0.420122 0.420104 0.420078
0.423941 0.423923 0.423896
0.427766 0.427747 0.427721
0.431597 0.431578 0.431551
0.435434 0.435415 0.435388
0.439277 0.439258 0.439231
0.443126 0.443107 0.443079
0.446981 0.446962 0.446934
0.450842 0.450823 0.450794
0.454709 0.454689 0.454661
0.458581 0.458562 0.458533
0.46246 0.46244 0.462411
0.466344 0.466324 0.466295
0.470233 0.470213 0.470184
0.474129 0.474109 0.474079
0.478031 0.47801 0.477981
0.481938 0.481918 0.481888
0.485851 0.485831 0.4858
0.48977 0.489749 0.489719
0.493694 0.493673 0.493643
0.497624 0.497603 0.497573
0.50156 0.501539 0.501508
0.505501 0.50548 0.505449
0.509448 0.509426 0.509395
0.5134 0.513379 0.513347
0.517358 0.517336 0.517304
0.521321 0.521299 0.521267
0.52529 0.525268 0.525236
0.529264 0.529242 0.529209
0.533244 0.533221 0.533189
0.537229 0.537206 0.537173
0.541219 0.541196 0.541163
0.545215 0.545192 0.545158
0.549216 0.549193 0.549159
0.553222 0.553199 0.553165
0.557234 0.55721 0.557176
0.561251 0.561227 0.561193
0.565273 0.565249 0.565214
0.5693 0.569276 0.569241
0.573333 0.573308 0.573274
0.57737 0.577346 0.577311
0.581413 0.581389 0.581353
0.585461 0.585437 0.585401
0.589514 0.58949 0.589454
0.593573 0.593548 0.593512
0.597636 0.597611 0.597575
0.601704 0.601679 0.601643
0.605778 0.605752 0.605716
0.609856 0.609831 0.609794
0.61394 0.613914 0.613877
0.618028 0.618002 0.617965
0.622122 0.622096 0.622058
0.62622 0.626194 0.626156
0.630323 0.630297 0.630259
0.634432 0.634405 0.634367
0.638545 0.638518 0.63848
0.642663 0.642636 0.642597
0.646786 0.646759 0.64672
0.650914 0.650886 0.650847
0.655046 0.655019 0.654979
0.659184 0.659156 0.659117
0.663326 0.663298 0.663258
0.667473 0.667445 0.667405
0.671625 0.671597 0.671556
0.675781 0.675753 0.675712
0.679942 0.679914 0.679873
0.684108 0.68408 0.684039
0.688279 0.68825 0.688209
0.692454 0.692426 0.692384
0.696634 0.696606 0.696564
0.700819 0.70079 0.700748
0.705008 0.704979 0.704937
0.709202 0.709173 0.709131
0.713401 0.713371 0.713329
0.717604 0.717574 0.717531
0.721812 0.721782 0.721739
0.726024 0.725994 0.725951
0.730241 0.730211 0.730167
0.734462 0.734432 0.734388
0.738688 0.738658 0.738614
0.742919 0.742888 0.742844
0.747153 0.747123 0.747078
0.751393 0.751362 0.751317
0.755637 0.755605 0.75556
0.759885 0.759854 0.759808
0.764138 0.764106 0.764061
0.768395 0.768363 0.768317
0.772656 0.772624 0.772578
0.776922 0.77689 0.776844
0.781192 0.78116 0.781114
0.785467 0.785435 0.785388
0.789746 0.789714 0.789667
0.794029 0.793997 0.79395
0.798317 0.798284 0.798237
0.802609 0.802576 0.802529
0.806905 0.806872 0.806824
0.811206 0.811173 0.811125
0.815511 0.815477 0.815429
0.81982 0.819786 0.819738
0.824133 0.8241 0.824051
0.828451 0.828417 0.828368
0.832773 0.832739 0.832689
0.837099 0.837065 0.837015
0.841429 0.841395 0.841345
0.845764 0.845729 0.845679
0.850102 0.850067 0.850017
0.854445 0.85441 0.85436
0.858792 0.858757 0.858706
0.863143 0.863108 0.863057
0.867498 0.867463 0.867411
0.871857 0.871822 0.87177
0.876221 0.876185 0.876133
0.880588 0.880552 0.8805
0.88496 0.884924 0.884872
0.889336 0.889299 0.889247
0.893715 0.893679 0.893626
0.898099 0.898062 0.89801
0.902487 0.90245 0.902397
0.906879 0.906842 0.906788
0.911275 0.911237 0.911184
0.915674 0.915637 0.915583
0.920078 0.920041 0.919987
0.924486 0.924448 0.924394
0.928898 0.92886 0.928805
0.933314 0.933276 0.933221
0.937733 0.937695 0.93764
0.942157 0.942119 0.942063
0.946584 0.946546 0.94649
0.951016 0.950977 0.950921
0.955451 0.955413 0.955356
0.959891 0.959852 0.959795
0.964334 0.964295 0.964238
0.968781 0.968742 0.968685
0.973232 0.973192 0.973135
0.977687 0.977647 0.97759
0.982145 0.982105 0.982048
0.986608 0.986568 0.98651
0.991074 0.991034 0.990976
0.995544 0.995504 0.995445
1 0.999969 0.99991
