0 0 1
0 0.00222 1
0 0.0170598 1
0 0.0352217 1
0 0.0512941 1
0 0.0671373 1
0 0.0829804 1
0 0.0988235 1
0 0.114667 1
0 0.13051 1
0 0.146353 1
0 0.162196 1
0 0.178039 1
0 0.193882 1
0 0.209725 1
0 0.225569 1
0 0.241412 1
0 0.257255 1
0 0.273098 1
0 0.288941 1
0 0.304784 1
0 0.320627 1
0 0.336471 1
0 0.352314 1
0 0.368157 1
0 0.384 1
0 0.399843 1
0 0.415686 1
0 0.431529 1
0 0.447373 1
0 0.463216 1
0 0.479059 1
0 0.494902 1
0 0.510745 1
0 0.526588 1
0 0.542431 1
0 0.558275 1
0 0.574118 1
0 0.589961 1
0 0.605804 1
0 0.621647 1
0 0.63749 1
0 0.653333 1
0 0.669176 1
0 0.68502 1
0 0.700863 1
0 0.716706 1
0 0.732549 1
0 0.748392 1
0 0.764235 1
0 0.780078 1
0 0.795922 1
0 0.811765 1
0 0.827608 1
0 0.843451 1
0 0.859294 1
0 0.875137 1
0 0.89098 1
0 0.906824 1
0 0.922667 1
0 0.93851 1
0 0.954353 1
0 0.971164 1
0 0.988997 1
0 1 0.998972
0 1 0.985023
0 1 0.966865
0 1 0.950588
0 1 0.934745
0 1 0.918902
0 1 0.903059
0 1 0.887216
0 1 0.871373
0 1 0.855529
0 1 0.839686
0 1 0.823843
0 1 0.808
0 1 0.792157
0 1 0.776314
0 1 0.760471
0 1 0.744627
0 1 0.728784
0 1 0.712941
0 1 0.697098
0 1 0.681255
0 1 0.665412
0 1 0.649569
0 1 0.633725
0 1 0.617882
0 1 0.602039
0 1 0.586196
0 1 0.570353
0 1 0.55451
0 1 0.538667
0 1 0.522824
0 1 0.50698
0 1 0.491137
0 1 0.475294
0 1 0.459451
0 1 0.443608
0 1 0.427765
0 1 0.411922
0 1 0.396078
0 1 0.380235
0 1 0.364392
0 1 0.348549
0 1 0.332706
0 1 0.316863
0 1 0.30102
0 1 0.285176
0 1 0.269333
0 1 0.25349
0 1 0.237647
0 1 0.221804
0 1 0.205961
0 1 0.190118
0 1 0.174275
0 1 0.158431
0 1 0.142588
0 1 0.126745
0 1 0.110902
0 1 0.0950588
0 1 0.0792157
0 1 0.0633725
0 1 0.0475294
0 1 0.0310019
0 1 0.012954
0 1 0
0.012954 1 0
0.0310019 1 0
0.0475294 1 0
0.0633725 1 0
0.0792157 1 0
0.0950588 1 0
0.110902 1 0
0.126745 1 0
0.142588 1 0
0.158431 1 0
0.174275 1 0
0.190118 1 0
0.205961 1 0
0.221804 1 0
0.237647 1 0
0.25349 1 0
0.269333 1 0
0.285176 1 0
0.30102 1 0
0.316863 1 0
0.332706 1 0
0.348549 1 0
0.364392 1 0
0.380235 1 0
0.396078 1 0
0.411922 1 0
0.427765 1 0
0.443608 1 0
0.459451 1 0
0.475294 1 0
0.491137 1 0
0.50698 1 0
0.522824 1 0
0.538667 1 0
0.55451 1 0
0.570353 1 0
0.586196 1 0
0.602039 1 0
0.617882 1 0
0.633725 1 0
0.649569 1 0
0.665412 1 0
0.681255 1 0
0.697098 1 0
0.712941 1 0
0.728784 1 0
0.744627 1 0
0.760471 1 0
0.776314 1 0
0.792157 1 0
0.808 1 0
0.823843 1 0
0.839686 1 0
0.855529 1 0
0.871373 1 0
0.887216 1 0
0.903059 1 0
0.918902 1 0
0.934745 1 0
0.950588 1 0
0.966865 1 0
0.985023 1 0
0.998972 1 0
1 0.988997 0
1 0.971164 0
1 0.954353 0
1 0.93851 0
1 0.922667 0
1 0.906824 0
1 0.89098 0
1 0.875137 0
1 0.859294 0
1 0.843451 0
1 0.827608 0
1 0.811765 0
1 0.795922 0
1 0.780078 0
1 0.764235 0
1 0.748392 0
1 0.732549 0
1 0.716706 0
1 0.700863 0
1 0.68502 0
1 0.669176 0
1 0.653333 0
1 0.63749 0
1 0.621647 0
1 0.605804 0
1 0.589961 0
1 0.574118 0
1 0.558275 0
1 0.542431 0
1 0.526588 0
1 0.510745 0
1 0.494902 0
1 0.479059 0
1 0.463216 0
1 0.447373 0
1 0.431529 0
1 0.415686 0
1 0.399843 0
1 0.384 0
1 0.368157 0
1 0.352314 0
1 0.336471 0
1 0.320627 0
1 0.304784 0
1 0.288941 0
1 0.273098 0
1 0.257255 0
1 0.241412 0
1 0.225569 0
1 0.209725 0
1 0.193882 0
1 0.178039 0
1 0.162196 0
1 0.146353 0
1 0.13051 0
1 0.114667 0
1 0.0988235 0
1 0.0829804 0
1 0.0671373 0
1 0.0512941 0
1 0.0352217 0
1 0.0170598 0
1 0.00222 0
1 0 0
