0.267008 0.00488759 0.329432
0.268518 0.00963401 0.335462
0.269958 0.014676 0.341437
0.271323 0.0200174 0.347349
0.272616 0.0256653 0.353195
0.273834 0.0316289 0.358976
0.27498 0.0379137 0.364687
0.276052 0.0443514 0.370328
0.27705 0.0505459 0.375898
0.277974 0.0565432 0.381393
0.278824 0.0623815 0.386812
0.279599 0.0680896 0.392155
0.280299 0.0736879 0.397418
0.280925 0.0791952 0.4026
0.281475 0.0846255 0.4077
0.281951 0.0899888 0.412716
0.28235 0.0952953 0.417646
0.282676 0.100554 0.422488
0.282926 0.105768 0.427242
0.283102 0.110946 0.431906
0.283202 0.116091 0.436477
0.283228 0.121205 0.440956
0.28318 0.126294 0.445341
0.283058 0.131359 0.449631
0.282862 0.136402 0.453824
0.282593 0.141425 0.45792
0.282251 0.146429 0.461919
0.281839 0.151416 0.465819
0.281355 0.156386 0.469619
0.280801 0.161341 0.47332
0.280177 0.16628 0.476922
0.279485 0.171204 0.480422
0.278726 0.176112 0.483823
0.2779 0.181006 0.487123
0.27701 0.185884 0.490323
0.276058 0.190747 0.493425
0.275043 0.195595 0.496427
0.273967 0.200428 0.49933
0.272832 0.205243 0.502137
0.271641 0.210042 0.504846
0.270394 0.214824 0.507459
0.269093 0.219589 0.509979
0.26774 0.224336 0.512404
0.266339 0.229064 0.514739
0.26489 0.233773 0.516983
0.263394 0.238463 0.519139
0.261855 0.243133 0.521206
0.260275 0.247783 0.52319
0.258655 0.252412 0.52509
0.256999 0.257019 0.526909
0.255309 0.261606 0.528649
0.253586 0.26617 0.530311
0.251832 0.270713 0.531899
0.25005 0.275233 0.533414
0.248242 0.27973 0.534858
0.246413 0.284205 0.536234
0.244562 0.288655 0.537544
0.242691 0.293085 0.53879
0.240805 0.297489 0.539974
0.238903 0.301871 0.5411
0.236988 0.30623 0.542169
0.235063 0.310566 0.543183
0.233131 0.314879 0.544144
0.231193 0.319168 0.545056
0.229249 0.323434 0.545919
0.227304 0.327678 0.546737
0.225358 0.331899 0.547511
0.223412 0.336099 0.548242
0.22147 0.340277 0.548933
0.219531 0.344433 0.549587
0.217598 0.348568 0.550204
0.215673 0.352682 0.550786
0.213756 0.356776 0.551337
0.211849 0.360851 0.551856
0.209953 0.364905 0.552346
0.208069 0.36894 0.552809
0.206199 0.372956 0.553244
0.204342 0.376954 0.553655
0.2025 0.380935 0.554041
0.200673 0.384899 0.554405
0.198862 0.388846 0.554747
0.197067 0.392778 0.555069
0.195289 0.396693 0.555371
0.193527 0.400594 0.555656
0.191783 0.40448 0.555922
0.190056 0.408353 0.55617
0.188347 0.412213 0.556403
0.186654 0.416059 0.556619
0.184979 0.419895 0.556821
0.18332 0.423718 0.557007
0.181677 0.427531 0.557179
0.180049 0.431333 0.557337
0.178438 0.435125 0.557481
0.176841 0.438908 0.557611
0.175259 0.442682 0.557726
0.17369 0.446448 0.557828
0.172134 0.450207 0.557917
0.17059 0.453958 0.557992
0.169058 0.457702 0.558052
0.167536 0.46144 0.558098
0.166025 0.465173 0.558129
0.164522 0.4689 0.558146
0.163028 0.472623 0.558147
0.161542 0.476341 0.558132
0.160061 0.480055 0.5581
0.158587 0.483766 0.55805
0.157119 0.487474 0.557983
0.155656 0.491179 0.557898
0.154197 0.494882 0.557793
0.152743 0.498583 0.557668
0.151293 0.502282 0.557522
0.149847 0.505979 0.557354
0.148407 0.509676 0.557164
0.146971 0.513371 0.556952
0.145541 0.517065 0.556713
0.144117 0.52076 0.55645
0.142699 0.524454 0.55616
0.141289 0.528148 0.555842
0.139889 0.531842 0.555495
0.1385 0.535536 0.555118
0.137124 0.539231 0.55471
0.135766 0.542926 0.554271
0.134428 0.546622 0.553799
0.133111 0.550318 0.553292
0.131819 0.554014 0.55275
0.130558 0.557712 0.552171
0.129331 0.561409 0.551554
0.128143 0.565107 0.550898
0.127 0.568805 0.550201
0.125908 0.572504 0.549463
0.124875 0.576203 0.548683
0.123905 0.579902 0.547858
0.123008 0.583601 0.546989
0.122189 0.5873 0.546074
0.121459 0.590998 0.545111
0.120825 0.594696 0.5441
0.120297 0.598393 0.543039
0.119886 0.602089 0.541927
0.119599 0.605783 0.540765
0.119445 0.609476 0.539549
0.119437 0.613167 0.538278
0.119583 0.616855 0.536953
0.119891 0.620542 0.535571
0.120372 0.624225 0.534133
0.121035 0.627905 0.532637
0.121888 0.631581 0.531082
0.122937 0.635254 0.529466
0.124191 0.638922 0.52779
0.125654 0.642585 0.526052
0.127332 0.646243 0.524252
0.129229 0.649895 0.522387
0.131348 0.653542 0.520459
0.133691 0.657181 0.518466
0.136258 0.660814 0.516406
0.139052 0.664438 0.51428
0.14207 0.668055 0.512086
0.14531 0.671664 0.509824
0.148772 0.675263 0.507495
0.152451 0.678852 0.505095
0.156344 0.682432 0.502625
0.160449 0.686001 0.500085
0.164759 0.689559 0.497474
0.169269 0.693106 0.49479
0.173977 0.69664 0.492035
0.178876 0.700161 0.489207
0.183962 0.703668 0.486305
0.189228 0.707162 0.48333
0.194671 0.710641 0.48028
0.200285 0.714105 0.477156
0.206064 0.717553 0.473958
0.212004 0.720985 0.470685
0.218102 0.724399 0.467335
0.224352 0.727797 0.463909
0.230748 0.731176 0.460408
0.237289 0.734535 0.456829
0.243968 0.737877 0.453174
0.250783 0.741197 0.449443
0.257729 0.744497 0.445635
0.264803 0.747776 0.441749
0.272002 0.751032 0.437785
0.279324 0.754266 0.433743
0.286764 0.757477 0.429623
0.294319 0.760663 0.425426
0.301987 0.763825 0.421151
0.309764 0.766963 0.416798
0.31765 0.770074 0.412368
0.325641 0.773159 0.40786
0.333734 0.776217 0.403272
0.341929 0.779247 0.398606
0.350223 0.782248 0.393862
0.358612 0.78522 0.389041
0.367096 0.788163 0.384141
0.375672 0.791075 0.379165
0.384338 0.793956 0.374112
0.393093 0.796806 0.368981
0.401934 0.799625 0.363773
0.410861 0.802409 0.358488
0.419873 0.805161 0.353125
0.428966 0.807878 0.347686
0.438138 0.810561 0.342172
0.447389 0.813209 0.336583
0.456716 0.815822 0.33092
0.466116 0.818397 0.325183
0.47559 0.820938 0.319373
0.485135 0.82344 0.31349
0.494749 0.825904 0.307536
0.50443 0.828331 0.301511
0.514177 0.830719 0.295417
0.523988 0.833069 0.289254
0.53386 0.835379 0.283022
0.543792 0.837649 0.276727
0.553781 0.839879 0.270367
0.563826 0.84207 0.263948
0.573922 0.844221 0.25747
0.584069 0.846331 0.250935
0.594262 0.848401 0.244349
0.604502 0.850431 0.237714
0.614784 0.852421 0.231034
0.625105 0.85437 0.224314
0.635463 0.85628 0.217559
0.645855 0.858151 0.210776
0.656276 0.859982 0.203973
0.666726 0.861774 0.197158
0.677199 0.863529 0.190341
0.687693 0.865246 0.183534
0.698203 0.866926 0.17675
0.708726 0.86857 0.170004
0.71926 0.870179 0.163317
0.729798 0.871755 0.156707
0.740339 0.873297 0.150202
0.750876 0.874808 0.143829
0.761407 0.876289 0.137623
0.771928 0.877742 0.131625
0.782434 0.879166 0.125874
0.792922 0.880567 0.120426
0.803386 0.881942 0.115336
0.813823 0.883296 0.110666
0.82423 0.88463 0.106483
0.834603 0.885945 0.102859
0.844937 0.887244 0.099862
0.855229 0.888529 0.0975608
0.865474 0.889801 0.0960135
0.875672 0.891064 0.0952664
0.885817 0.892318 0.0953516
0.895908 0.893565 0.0962803
0.90594 0.894809 0.0980452
0.915912 0.89605 0.10062
0.925817 0.897294 0.103964
0.935655 0.898538 0.108021
0.945427 0.899788 0.112731
0.95513 0.901043 0.118031
0.964763 0.902306 0.123859
0.974324 0.903578 0.130153
0.983813 0.90486 0.136858
0.993221 0.906153 0.143916
